max=2.599461, min=0.138130, w_dist1=0.145882, w_dist2=0.056120
 [0,0]=1.000000, 1.000000
 [0,1]=0.003747, 27.295535
 [0,2]=0.000233, 2.435354
 [0,3]=0.000030, 1.024252
 [0,4]=0.023706, 48.692188
 [0,5]=0.005831, 15.522327
 [0,6]=0.000198, 3.361469
 [0,7]=0.051506, 52.601415
 [0,8]=0.001286, 5.874500
 [0,9]=0.327829, 83.926592
 [0,10]=0.000024, 1.000000
 [0,11]=0.011347, 41.045111
 [0,12]=0.189341, 98.864187
 [0,13]=0.000024, 1.035874
 [0,14]=0.007823, 9.912151
 [0,15]=0.000025, 1.125557
 [0,16]=0.000947, 6.316706
 [0,17]=0.000450, 4.608120
 [0,18]=0.000301, 3.265816
 [0,19]=0.022497, 63.008459
 [0,20]=0.000046, 1.000000
 [0,21]=0.000014, 1.000000
 [0,22]=0.000016, 1.053017
 [0,23]=0.000787, 12.093150
 [0,24]=0.000203, 2.748060
 [0,25]=0.000191, 6.623338
 [0,26]=0.002151, 28.309768
 [0,27]=0.000235, 10.054433
 [0,28]=0.005815, 87.103044
 [0,29]=0.000157, 5.293532
 [0,30]=0.000010, 1.000000
 [0,31]=0.001101, 11.789962
 [0,32]=0.000016, 1.737547
 [0,33]=0.000134, 4.111715
 [0,34]=0.000149, 5.954466
 [0,35]=0.000008, 1.000000
 [0,36]=0.000279, 4.237752
 [0,37]=0.003172, 13.224002
 [0,38]=0.008674, 18.379880
 [0,39]=0.327311, 92.876380
 [0,40]=0.002389, 25.279307
 [1,0]=0.012535, 27.295535
 [1,1]=1.000000, 1.000000
 [1,2]=0.157884, 31.844999
 [1,3]=0.024663, 5.847649
 [1,4]=0.000705, 1.040975
 [1,5]=0.010471, 5.797470
 [1,6]=0.000262, 1.012455
 [1,7]=0.000185, 1.000000
 [1,8]=0.000060, 1.000000
 [1,9]=0.000085, 1.000000
 [1,10]=0.000016, 1.000000
 [1,11]=0.000015, 1.000000
 [1,12]=0.000030, 1.000000
 [1,13]=0.000008, 1.000000
 [1,14]=0.000054, 1.000000
 [1,15]=0.000076, 1.000000
 [1,16]=0.000072, 1.000000
 [1,17]=0.000029, 1.000000
 [1,18]=0.000016, 1.000000
 [1,19]=0.000021, 1.000000
 [1,20]=0.000135, 1.000000
 [1,21]=0.000007, 1.000000
 [1,22]=0.000006, 1.000000
 [1,23]=0.000038, 1.000000
 [1,24]=0.000018, 1.000000
 [1,25]=0.018551, 7.221046
 [1,26]=0.004420, 9.177895
 [1,27]=0.000028, 1.003263
 [1,28]=0.000003, 1.000000
 [1,29]=0.081576, 30.990537
 [1,30]=0.000004, 1.000000
 [1,31]=0.000231, 3.886739
 [1,32]=0.000006, 1.000000
 [1,33]=0.664908, 55.000013
 [1,34]=0.000296, 2.936038
 [1,35]=0.000005, 1.000000
 [1,36]=0.019285, 10.209722
 [1,37]=0.000018, 1.000000
 [1,38]=0.000148, 1.000000
 [1,39]=0.003124, 5.663759
 [1,40]=0.000008, 1.000000
 [2,0]=0.000133, 2.435354
 [2,1]=0.026895, 31.844999
 [2,2]=1.000000, 1.000000
 [2,3]=0.000069, 1.026836
 [2,4]=0.000095, 1.009820
 [2,5]=0.828487, 90.259549
 [2,6]=0.000025, 1.000000
 [2,7]=0.000039, 1.000000
 [2,8]=0.000031, 1.000000
 [2,9]=0.000262, 3.258804
 [2,10]=0.000006, 1.000000
 [2,11]=0.000006, 1.000000
 [2,12]=0.000010, 1.000000
 [2,13]=0.000003, 1.000000
 [2,14]=0.000014, 1.000000
 [2,15]=0.000009, 1.000000
 [2,16]=0.000013, 1.000000
 [2,17]=0.000006, 1.000000
 [2,18]=0.000005, 1.000000
 [2,19]=0.000008, 1.000000
 [2,20]=0.000960, 4.907529
 [2,21]=0.000003, 1.000000
 [2,22]=0.000002, 1.000000
 [2,23]=0.000006, 1.000000
 [2,24]=0.000005, 1.000000
 [2,25]=0.000031, 1.000000
 [2,26]=0.000013, 1.000000
 [2,27]=0.000003, 1.000000
 [2,28]=0.000001, 1.000000
 [2,29]=0.000346, 6.229027
 [2,30]=0.000002, 1.000000
 [2,31]=0.000013, 1.000000
 [2,32]=0.000002, 1.000000
 [2,33]=0.000389, 2.608888
 [2,34]=0.000006, 1.000000
 [2,35]=0.000002, 1.000000
 [2,36]=0.140202, 49.283367
 [2,37]=0.000006, 1.000000
 [2,38]=0.001716, 6.021687
 [2,39]=0.000175, 1.114768
 [2,40]=0.000002, 1.000000
 [3,0]=0.000041, 1.024252
 [3,1]=0.010074, 5.847649
 [3,2]=0.000167, 1.026836
 [3,3]=1.000000, 1.000000
 [3,4]=0.652479, 94.777038
 [3,5]=0.000216, 1.011976
 [3,6]=0.334880, 93.435191
 [3,7]=0.000235, 1.398051
 [3,8]=0.000019, 1.000000
 [3,9]=0.000031, 1.000000
 [3,10]=0.000005, 1.000000
 [3,11]=0.000006, 1.000000
 [3,12]=0.000014, 1.000000
 [3,13]=0.000004, 1.000000
 [3,14]=0.000031, 1.000000
 [3,15]=0.000070, 1.000000
 [3,16]=0.000055, 1.000000
 [3,17]=0.000019, 1.000000
 [3,18]=0.000008, 1.000000
 [3,19]=0.000007, 1.000000
 [3,20]=0.000032, 1.000000
 [3,21]=0.000003, 1.000000
 [3,22]=0.000003, 1.000000
 [3,23]=0.000029, 1.000000
 [3,24]=0.000010, 1.000000
 [3,25]=0.000300, 1.000533
 [3,26]=0.000180, 1.001267
 [3,27]=0.000022, 1.000000
 [3,28]=0.000001, 1.000000
 [3,29]=0.000562, 1.092203
 [3,30]=0.000002, 1.000000
 [3,31]=0.000009, 1.000000
 [3,32]=0.000002, 1.000000
 [3,33]=0.000149, 1.000000
 [3,34]=0.000052, 1.000000
 [3,35]=0.000002, 1.000000
 [3,36]=0.000088, 1.000000
 [3,37]=0.000007, 1.000000
 [3,38]=0.000041, 1.000000
 [3,39]=0.000141, 1.361396
 [3,40]=0.000004, 1.000000
 [4,0]=0.036570, 48.692188
 [4,1]=0.000325, 1.040975
 [4,2]=0.000258, 1.009820
 [4,3]=0.736624, 94.777038
 [4,4]=1.000000, 1.000000
 [4,5]=0.000576, 1.050324
 [4,6]=0.000550, 1.069308
 [4,7]=0.223276, 49.864584
 [4,8]=0.000035, 1.000000
 [4,9]=0.000069, 1.000000
 [4,10]=0.000010, 1.000000
 [4,11]=0.000012, 1.000000
 [4,12]=0.000032, 1.000000
 [4,13]=0.000007, 1.000000
 [4,14]=0.000080, 1.011976
 [4,15]=0.000101, 1.000000
 [4,16]=0.000129, 1.019611
 [4,17]=0.000039, 1.000000
 [4,18]=0.000017, 1.000000
 [4,19]=0.000014, 1.000000
 [4,20]=0.000050, 1.000000
 [4,21]=0.000005, 1.000000
 [4,22]=0.000006, 1.000000
 [4,23]=0.000047, 1.000000
 [4,24]=0.000022, 1.000000
 [4,25]=0.000104, 1.000000
 [4,26]=0.000131, 1.000000
 [4,27]=0.000026, 1.000000
 [4,28]=0.000003, 1.000000
 [4,29]=0.000234, 1.345216
 [4,30]=0.000004, 1.000000
 [4,31]=0.000015, 1.000000
 [4,32]=0.000003, 1.000000
 [4,33]=0.000097, 1.007610
 [4,34]=0.000054, 1.000000
 [4,35]=0.000003, 1.000000
 [4,36]=0.000102, 1.000533
 [4,37]=0.000016, 1.000000
 [4,38]=0.000078, 1.000000
 [4,39]=0.000269, 1.009020
 [4,40]=0.000009, 1.000000
 [5,0]=0.003261, 15.522327
 [5,1]=0.001751, 5.797470
 [5,2]=0.813164, 90.259549
 [5,3]=0.000088, 1.011976
 [5,4]=0.000209, 1.050324
 [5,5]=1.000000, 1.000000
 [5,6]=0.000038, 1.000000
 [5,7]=0.000072, 1.008423
 [5,8]=0.000029, 1.000000
 [5,9]=0.000054, 1.000000
 [5,10]=0.000006, 1.000000
 [5,11]=0.000007, 1.101523
 [5,12]=0.000013, 1.000000
 [5,13]=0.000003, 1.000000
 [5,14]=0.000022, 1.000000
 [5,15]=0.000013, 1.000000
 [5,16]=0.000020, 1.000000
 [5,17]=0.000009, 1.000000
 [5,18]=0.000006, 1.000000
 [5,19]=0.000009, 1.000000
 [5,20]=0.000192, 2.258948
 [5,21]=0.000003, 1.000000
 [5,22]=0.000002, 1.000000
 [5,23]=0.000008, 1.000000
 [5,24]=0.000006, 1.000000
 [5,25]=0.000028, 1.000000
 [5,26]=0.000017, 1.023494
 [5,27]=0.000004, 1.000000
 [5,28]=0.000001, 1.000000
 [5,29]=0.000025, 1.000000
 [5,30]=0.000002, 1.000000
 [5,31]=0.000011, 1.000000
 [5,32]=0.000002, 1.000000
 [5,33]=0.000056, 1.000000
 [5,34]=0.000011, 1.258454
 [5,35]=0.000002, 1.000000
 [5,36]=0.000131, 1.000000
 [5,37]=0.000007, 1.000000
 [5,38]=0.003612, 11.003847
 [5,39]=0.177102, 68.547581
 [5,40]=0.000003, 1.000000
 [6,0]=0.000420, 3.361469
 [6,1]=0.000166, 1.012455
 [6,2]=0.000094, 1.000000
 [6,3]=0.518908, 93.435191
 [6,4]=0.000755, 1.069308
 [6,5]=0.000143, 1.000000
 [6,6]=1.000000, 1.000000
 [6,7]=0.000472, 1.009820
 [6,8]=0.000021, 1.000000
 [6,9]=0.000040, 1.000000
 [6,10]=0.000007, 1.000000
 [6,11]=0.000009, 1.000000
 [6,12]=0.000028, 1.000000
 [6,13]=0.000007, 1.000000
 [6,14]=0.000081, 1.008423
 [6,15]=0.463494, 91.678526
 [6,16]=0.000284, 1.058074
 [6,17]=0.000063, 1.000000
 [6,18]=0.000019, 1.000000
 [6,19]=0.000010, 1.000000
 [6,20]=0.000027, 1.000000
 [6,21]=0.000004, 1.000000
 [6,22]=0.000007, 1.000000
 [6,23]=0.000142, 1.000000
 [6,24]=0.000029, 1.001267
 [6,25]=0.000120, 1.000000
 [6,26]=0.013612, 6.092633
 [6,27]=0.000090, 1.000000
 [6,28]=0.000003, 1.000000
 [6,29]=0.000384, 1.125859
 [6,30]=0.000003, 1.000000
 [6,31]=0.000010, 1.000000
 [6,32]=0.000002, 1.000000
 [6,33]=0.000064, 1.000000
 [6,34]=0.000259, 1.014243
 [6,35]=0.000002, 1.000000
 [6,36]=0.000052, 1.000000
 [6,37]=0.000013, 1.000000
 [6,38]=0.000040, 1.000000
 [6,39]=0.000103, 1.000000
 [6,40]=0.000011, 1.000000
 [7,0]=0.150994, 52.601415
 [7,1]=0.000162, 1.000000
 [7,2]=0.000198, 1.000000
 [7,3]=0.000504, 1.398051
 [7,4]=0.424294, 49.864584
 [7,5]=0.000379, 1.008423
 [7,6]=0.000654, 1.009820
 [7,7]=1.000000, 1.000000
 [7,8]=0.000068, 1.000000
 [7,9]=0.000159, 1.000000
 [7,10]=0.000021, 1.000000
 [7,11]=0.000033, 1.000000
 [7,12]=0.000118, 1.000000
 [7,13]=0.000024, 1.000000
 [7,14]=0.144282, 45.474202
 [7,15]=0.000309, 1.029721
 [7,16]=0.275489, 45.936523
 [7,17]=0.000195, 1.000000
 [7,18]=0.000068, 1.000000
 [7,19]=0.000034, 1.000000
 [7,20]=0.000067, 1.000000
 [7,21]=0.000013, 1.000000
 [7,22]=0.000021, 1.000000
 [7,23]=0.000182, 1.031022
 [7,24]=0.000094, 1.000000
 [7,25]=0.000077, 1.000000
 [7,26]=0.000177, 1.000000
 [7,27]=0.000066, 1.000000
 [7,28]=0.000009, 1.000000
 [7,29]=0.000121, 1.000000
 [7,30]=0.000011, 1.000000
 [7,31]=0.000027, 1.000000
 [7,32]=0.000007, 1.000000
 [7,33]=0.000072, 1.000000
 [7,34]=0.000112, 1.000000
 [7,35]=0.000008, 1.000000
 [7,36]=0.000092, 1.000000
 [7,37]=0.000048, 1.000000
 [7,38]=0.000120, 1.000000
 [7,39]=0.000659, 1.231630
 [7,40]=0.000033, 1.000000
 [8,0]=0.003206, 5.874500
 [8,1]=0.000045, 1.000000
 [8,2]=0.000135, 1.000000
 [8,3]=0.000034, 1.000000
 [8,4]=0.000057, 1.000000
 [8,5]=0.000131, 1.000000
 [8,6]=0.000025, 1.000000
 [8,7]=0.000058, 1.000000
 [8,8]=1.000000, 1.000000
 [8,9]=0.675314, 72.150448
 [8,10]=0.002399, 4.403079
 [8,11]=0.001483, 4.844806
 [8,12]=0.000107, 1.000000
 [8,13]=0.000038, 1.000000
 [8,14]=0.000065, 1.000000
 [8,15]=0.000015, 1.000000
 [8,16]=0.000029, 1.000000
 [8,17]=0.000023, 1.000000
 [8,18]=0.000038, 1.000000
 [8,19]=0.029543, 18.501538
 [8,20]=0.153552, 45.455152
 [8,21]=0.000067, 1.000000
 [8,22]=0.000019, 1.000000
 [8,23]=0.000012, 1.000000
 [8,24]=0.000027, 1.000000
 [8,25]=0.000019, 1.000000
 [8,26]=0.000013, 1.000000
 [8,27]=0.000005, 1.000000
 [8,28]=0.000013, 1.000000
 [8,29]=0.000016, 1.000000
 [8,30]=0.000029, 1.000000
 [8,31]=0.026005, 11.313357
 [8,32]=0.002041, 10.745000
 [8,33]=0.000040, 1.000000
 [8,34]=0.000008, 1.000000
 [8,35]=0.000051, 1.000000
 [8,36]=0.000113, 1.000000
 [8,37]=0.000121, 1.014243
 [8,38]=0.104336, 22.787105
 [8,39]=0.000752, 2.110672
 [8,40]=0.000017, 1.000000
 [9,0]=0.525463, 83.926592
 [9,1]=0.000041, 1.000000
 [9,2]=0.000737, 3.258804
 [9,3]=0.000036, 1.000000
 [9,4]=0.000071, 1.000000
 [9,5]=0.000155, 1.000000
 [9,6]=0.000030, 1.000000
 [9,7]=0.000087, 1.000000
 [9,8]=0.434138, 72.150448
 [9,9]=1.000000, 1.000000
 [9,10]=0.000078, 1.000000
 [9,11]=0.000545, 3.324748
 [9,12]=0.000149, 1.000000
 [9,13]=0.000031, 1.000000
 [9,14]=0.000105, 1.000000
 [9,15]=0.000018, 1.000000
 [9,16]=0.000039, 1.000000
 [9,17]=0.000031, 1.000000
 [9,18]=0.000044, 1.000000
 [9,19]=0.000245, 1.426545
 [9,20]=0.001941, 4.831968
 [9,21]=0.000033, 1.000000
 [9,22]=0.000017, 1.000000
 [9,23]=0.000015, 1.000000
 [9,24]=0.000033, 1.000000
 [9,25]=0.000016, 1.000000
 [9,26]=0.000015, 1.000000
 [9,27]=0.000006, 1.000000
 [9,28]=0.000010, 1.000000
 [9,29]=0.000016, 1.000000
 [9,30]=0.000018, 1.000000
 [9,31]=0.000113, 1.000000
 [9,32]=0.000020, 1.000000
 [9,33]=0.000030, 1.000000
 [9,34]=0.000009, 1.000000
 [9,35]=0.000361, 6.809708
 [9,36]=0.000076, 1.000000
 [9,37]=0.000836, 4.020940
 [9,38]=0.026727, 12.347274
 [9,39]=0.007644, 6.074459
 [9,40]=0.000018, 1.000000
 [10,0]=0.000046, 1.000000
 [10,1]=0.000009, 1.000000
 [10,2]=0.000022, 1.000000
 [10,3]=0.000007, 1.000000
 [10,4]=0.000012, 1.000000
 [10,5]=0.000022, 1.000000
 [10,6]=0.000006, 1.000000
 [10,7]=0.000014, 1.000000
 [10,8]=0.001854, 4.403079
 [10,9]=0.000093, 1.000000
 [10,10]=1.000000, 1.000000
 [10,11]=0.000455, 1.559555
 [10,12]=0.000050, 1.000000
 [10,13]=0.000045, 1.000000
 [10,14]=0.000021, 1.000000
 [10,15]=0.000004, 1.000000
 [10,16]=0.000009, 1.000000
 [10,17]=0.000009, 1.000000
 [10,18]=0.000024, 1.000000
 [10,19]=0.609347, 63.095386
 [10,20]=0.000057, 1.000000
 [10,21]=0.008867, 10.230871
 [10,22]=0.000018, 1.000000
 [10,23]=0.000004, 1.000000
 [10,24]=0.000014, 1.000000
 [10,25]=0.000004, 1.000000
 [10,26]=0.000003, 1.000000
 [10,27]=0.000001, 1.000000
 [10,28]=0.000018, 1.000000
 [10,29]=0.000004, 1.000000
 [10,30]=0.000536, 4.426435
 [10,31]=0.326400, 81.861873
 [10,32]=0.051509, 32.162504
 [10,33]=0.000009, 1.000000
 [10,34]=0.000002, 1.000000
 [10,35]=0.000262, 1.002723
 [10,36]=0.000020, 1.000000
 [10,37]=0.000111, 1.000000
 [10,38]=0.000066, 1.000000
 [10,39]=0.000035, 1.000000
 [10,40]=0.000012, 1.000000
 [11,0]=0.014832, 41.045111
 [11,1]=0.000006, 1.000000
 [11,2]=0.000013, 1.000000
 [11,3]=0.000006, 1.000000
 [11,4]=0.000010, 1.000000
 [11,5]=0.000017, 1.101523
 [11,6]=0.000006, 1.000000
 [11,7]=0.000015, 1.000000
 [11,8]=0.000777, 4.844806
 [11,9]=0.000445, 3.324748
 [11,10]=0.000309, 1.559555
 [11,11]=1.000000, 1.000000
 [11,12]=0.001488, 4.899271
 [11,13]=0.011968, 16.511957
 [11,14]=0.000034, 1.000000
 [11,15]=0.000005, 1.000000
 [11,16]=0.000011, 1.000000
 [11,17]=0.000015, 1.000000
 [11,18]=0.000062, 1.000000
 [11,19]=0.001447, 2.031250
 [11,20]=0.000021, 1.000000
 [11,21]=0.012519, 12.688731
 [11,22]=0.000049, 1.000000
 [11,23]=0.000005, 1.000000
 [11,24]=0.000029, 1.000000
 [11,25]=0.000003, 1.000000
 [11,26]=0.000003, 1.000000
 [11,27]=0.000002, 1.000000
 [11,28]=0.000291, 3.807127
 [11,29]=0.000003, 1.000000
 [11,30]=0.000275, 1.662095
 [11,31]=0.000669, 5.402361
 [11,32]=0.000042, 1.009020
 [11,33]=0.000005, 1.000000
 [11,34]=0.000002, 1.000000
 [11,35]=0.000068, 1.008213
 [11,36]=0.000010, 1.000000
 [11,37]=0.953721, 91.286181
 [11,38]=0.000759, 8.175091
 [11,39]=0.000028, 1.000000
 [11,40]=0.000030, 1.000000
 [12,0]=0.730836, 98.864187
 [12,1]=0.000034, 1.000000
 [12,2]=0.000066, 1.000000
 [12,3]=0.000040, 1.000000
 [12,4]=0.000079, 1.000000
 [12,5]=0.000090, 1.000000
 [12,6]=0.000051, 1.000000
 [12,7]=0.000156, 1.000000
 [12,8]=0.000166, 1.000000
 [12,9]=0.000360, 1.000000
 [12,10]=0.000101, 1.000000
 [12,11]=0.004394, 4.899271
 [12,12]=1.000000, 1.000000
 [12,13]=0.173918, 66.067852
 [12,14]=0.000779, 1.000000
 [12,15]=0.000047, 1.000000
 [12,16]=0.000137, 1.000000
 [12,17]=0.000217, 1.000000
 [12,18]=0.001123, 1.035952
 [12,19]=0.005703, 8.742148
 [12,20]=0.000066, 1.000000
 [12,21]=0.000101, 1.000000
 [12,22]=0.000197, 1.000000
 [12,23]=0.000073, 1.208683
 [12,24]=0.000452, 1.000000
 [12,25]=0.000017, 1.000000
 [12,26]=0.000026, 1.000000
 [12,27]=0.000020, 1.000000
 [12,28]=0.000077, 1.000000
 [12,29]=0.000020, 1.000000
 [12,30]=0.000098, 1.000000
 [12,31]=0.000073, 1.000000
 [12,32]=0.000032, 1.000000
 [12,33]=0.000022, 1.000000
 [12,34]=0.000023, 1.000000
 [12,35]=0.000043, 1.000000
 [12,36]=0.000042, 1.000000
 [12,37]=0.079580, 17.015369
 [12,38]=0.000123, 1.000000
 [12,39]=0.000197, 1.000000
 [12,40]=0.000418, 1.498605
 [13,0]=0.000115, 1.035874
 [13,1]=0.000011, 1.000000
 [13,2]=0.000022, 1.000000
 [13,3]=0.000013, 1.000000
 [13,4]=0.000023, 1.000000
 [13,5]=0.000027, 1.000000
 [13,6]=0.000016, 1.000000
 [13,7]=0.000040, 1.000000
 [13,8]=0.000074, 1.000000
 [13,9]=0.000094, 1.000000
 [13,10]=0.000113, 1.000000
 [13,11]=0.044727, 16.511957
 [13,12]=0.220111, 66.067852
 [13,13]=1.000000, 1.000000
 [13,14]=0.000118, 1.000000
 [13,15]=0.000017, 1.000000
 [13,16]=0.000041, 1.000000
 [13,17]=0.000076, 1.000000
 [13,18]=0.000563, 1.013649
 [13,19]=0.000202, 1.000000
 [13,20]=0.000028, 1.000000
 [13,21]=0.007303, 8.547234
 [13,22]=0.001341, 1.000000
 [13,23]=0.000022, 1.000000
 [13,24]=0.000196, 1.000000
 [13,25]=0.000005, 1.000000
 [13,26]=0.000009, 1.000000
 [13,27]=0.000008, 1.000000
 [13,28]=0.000910, 1.127526
 [13,29]=0.000006, 1.000000
 [13,30]=0.672841, 85.849529
 [13,31]=0.000052, 1.000000
 [13,32]=0.000053, 1.000000
 [13,33]=0.000008, 1.000000
 [13,34]=0.000008, 1.000000
 [13,35]=0.000092, 1.000000
 [13,36]=0.000016, 1.000000
 [13,37]=0.042670, 11.646731
 [13,38]=0.000044, 1.000000
 [13,39]=0.000050, 1.000000
 [13,40]=0.007934, 7.554379
 [14,0]=0.037425, 9.912151
 [14,1]=0.000077, 1.000000
 [14,2]=0.000122, 1.000000
 [14,3]=0.000108, 1.000000
 [14,4]=0.000247, 1.011976
 [14,5]=0.000188, 1.000000
 [14,6]=0.000184, 1.008423
 [14,7]=0.235453, 45.474202
 [14,8]=0.000125, 1.000000
 [14,9]=0.000313, 1.000000
 [14,10]=0.000053, 1.000000
 [14,11]=0.000126, 1.000000
 [14,12]=0.000966, 1.000000
 [14,13]=0.000115, 1.000000
 [14,14]=1.000000, 1.000000
 [14,15]=0.000183, 1.000000
 [14,16]=0.271936, 46.409547
 [14,17]=0.008384, 3.981004
 [14,18]=0.441087, 88.562826
 [14,19]=0.000098, 1.009020
 [14,20]=0.000076, 1.000000
 [14,21]=0.000044, 1.000000
 [14,22]=0.000136, 1.176390
 [14,23]=0.000214, 1.000000
 [14,24]=0.000770, 1.000000
 [14,25]=0.000040, 1.000000
 [14,26]=0.000083, 1.000000
 [14,27]=0.000065, 1.000000
 [14,28]=0.000041, 1.000000
 [14,29]=0.000056, 1.000000
 [14,30]=0.000043, 1.000000
 [14,31]=0.000051, 1.000000
 [14,32]=0.000018, 1.000000
 [14,33]=0.000043, 1.000000
 [14,34]=0.000099, 1.184115
 [14,35]=0.000022, 1.000000
 [14,36]=0.000067, 1.000000
 [14,37]=0.000228, 1.008423
 [14,38]=0.000143, 1.000000
 [14,39]=0.000387, 1.011725
 [14,40]=0.000185, 1.000000
 [15,0]=0.000060, 1.125557
 [15,1]=0.000053, 1.000000
 [15,2]=0.000039, 1.000000
 [15,3]=0.000120, 1.000000
 [15,4]=0.000153, 1.000000
 [15,5]=0.000056, 1.000000
 [15,6]=0.514398, 91.678526
 [15,7]=0.000248, 1.029721
 [15,8]=0.000014, 1.000000
 [15,9]=0.000026, 1.000000
 [15,10]=0.000005, 1.000000
 [15,11]=0.000009, 1.000000
 [15,12]=0.000029, 1.000000
 [15,13]=0.000008, 1.000000
 [15,14]=0.000090, 1.000000
 [15,15]=1.000000, 1.000000
 [15,16]=0.467250, 92.162645
 [15,17]=0.000141, 1.087086
 [15,18]=0.000025, 1.000000
 [15,19]=0.000008, 1.000000
 [15,20]=0.000014, 1.000000
 [15,21]=0.000003, 1.000000
 [15,22]=0.000009, 1.000000
 [15,23]=0.001920, 1.675447
 [15,24]=0.000044, 1.000000
 [15,25]=0.000046, 1.000000
 [15,26]=0.005387, 5.223598
 [15,27]=0.001289, 2.214331
 [15,28]=0.000003, 1.000000
 [15,29]=0.000106, 1.000000
 [15,30]=0.000003, 1.000000
 [15,31]=0.000006, 1.000000
 [15,32]=0.000002, 1.000000
 [15,33]=0.000026, 1.000000
 [15,34]=0.008281, 4.293550
 [15,35]=0.000002, 1.000000
 [15,36]=0.000023, 1.000000
 [15,37]=0.000013, 1.000000
 [15,38]=0.000022, 1.000000
 [15,39]=0.000053, 1.000000
 [15,40]=0.000017, 1.000000
 [16,0]=0.002673, 6.316706
 [16,1]=0.000060, 1.000000
 [16,2]=0.000064, 1.000000
 [16,3]=0.000113, 1.000000
 [16,4]=0.000236, 1.019611
 [16,5]=0.000100, 1.000000
 [16,6]=0.000379, 1.058074
 [16,7]=0.265328, 45.936523
 [16,8]=0.000033, 1.000000
 [16,9]=0.000069, 1.000000
 [16,10]=0.000013, 1.000000
 [16,11]=0.000024, 1.000000
 [16,12]=0.000100, 1.000000
 [16,13]=0.000024, 1.000000
 [16,14]=0.160492, 46.409547
 [16,15]=0.561403, 92.162645
 [16,16]=1.000000, 1.000000
 [16,17]=0.002135, 2.231663
 [16,18]=0.000085, 1.000000
 [16,19]=0.000021, 1.000000
 [16,20]=0.000028, 1.000000
 [16,21]=0.000010, 1.000000
 [16,22]=0.000025, 1.000000
 [16,23]=0.005506, 4.019038
 [16,24]=0.000161, 1.000000
 [16,25]=0.000038, 1.000000
 [16,26]=0.000148, 1.000000
 [16,27]=0.000130, 1.000000
 [16,28]=0.000010, 1.000000
 [16,29]=0.000068, 1.000000
 [16,30]=0.000009, 1.000000
 [16,31]=0.000014, 1.000000
 [16,32]=0.000004, 1.000000
 [16,33]=0.000030, 1.000000
 [16,34]=0.000164, 1.000000
 [16,35]=0.000005, 1.000000
 [16,36]=0.000035, 1.000000
 [16,37]=0.000038, 1.000000
 [16,38]=0.000047, 1.000000
 [16,39]=0.000129, 1.000000
 [16,40]=0.000048, 1.000000
 [17,0]=0.001206, 4.608120
 [17,1]=0.000023, 1.000000
 [17,2]=0.000029, 1.000000
 [17,3]=0.000037, 1.000000
 [17,4]=0.000068, 1.000000
 [17,5]=0.000043, 1.000000
 [17,6]=0.000080, 1.000000
 [17,7]=0.000178, 1.000000
 [17,8]=0.000025, 1.000000
 [17,9]=0.000051, 1.000000
 [17,10]=0.000013, 1.000000
 [17,11]=0.000031, 1.000000
 [17,12]=0.000151, 1.000000
 [17,13]=0.000042, 1.000000
 [17,14]=0.004703, 3.981004
 [17,15]=0.000162, 1.087086
 [17,16]=0.002029, 2.231663
 [17,17]=1.000000, 1.000000
 [17,18]=0.000218, 1.000000
 [17,19]=0.000022, 1.000000
 [17,20]=0.000017, 1.000000
 [17,21]=0.000012, 1.000000
 [17,22]=0.000055, 1.000000
 [17,23]=0.251784, 88.727159
 [17,24]=0.738441, 97.511441
 [17,25]=0.000015, 1.000000
 [17,26]=0.000046, 1.000000
 [17,27]=0.000068, 1.000000
 [17,28]=0.000019, 1.000000
 [17,29]=0.000024, 1.000000
 [17,30]=0.000015, 1.000000
 [17,31]=0.000011, 1.000000
 [17,32]=0.000004, 1.000000
 [17,33]=0.000013, 1.000000
 [17,34]=0.000059, 1.000000
 [17,35]=0.000006, 1.000000
 [17,36]=0.000017, 1.000000
 [17,37]=0.000054, 1.000000
 [17,38]=0.000029, 1.000000
 [17,39]=0.000065, 1.000000
 [17,40]=0.000134, 1.001267
 [18,0]=0.001296, 3.265816
 [18,1]=0.000020, 1.000000
 [18,2]=0.000034, 1.000000
 [18,3]=0.000026, 1.000000
 [18,4]=0.000049, 1.000000
 [18,5]=0.000046, 1.000000
 [18,6]=0.000039, 1.000000
 [18,7]=0.000100, 1.000000
 [18,8]=0.000066, 1.000000
 [18,9]=0.000119, 1.000000
 [18,10]=0.000052, 1.000000
 [18,11]=0.000205, 1.000000
 [18,12]=0.001252, 1.035952
 [18,13]=0.000496, 1.013649
 [18,14]=0.396713, 88.562826
 [18,15]=0.000046, 1.000000
 [18,16]=0.000130, 1.000000
 [18,17]=0.000350, 1.000000
 [18,18]=1.000000, 1.000000
 [18,19]=0.000099, 1.000000
 [18,20]=0.000031, 1.000000
 [18,21]=0.000072, 1.000000
 [18,22]=0.532515, 88.533100
 [18,23]=0.000067, 1.000000
 [18,24]=0.032746, 6.403418
 [18,25]=0.000011, 1.000000
 [18,26]=0.000022, 1.000000
 [18,27]=0.000029, 1.138181
 [18,28]=0.000155, 1.054628
 [18,29]=0.000014, 1.000000
 [18,30]=0.000107, 1.000000
 [18,31]=0.000035, 1.000000
 [18,32]=0.000020, 1.000000
 [18,33]=0.000013, 1.000000
 [18,34]=0.000023, 1.001693
 [18,35]=0.000030, 1.000000
 [18,36]=0.000021, 1.000000
 [18,37]=0.000793, 1.437436
 [18,38]=0.000053, 1.000000
 [18,39]=0.000085, 1.000000
 [18,40]=0.032020, 8.209838
 [19,0]=0.060242, 63.008459
 [19,1]=0.000016, 1.000000
 [19,2]=0.000039, 1.000000
 [19,3]=0.000014, 1.000000
 [19,4]=0.000024, 1.000000
 [19,5]=0.000042, 1.000000
 [19,6]=0.000013, 1.000000
 [19,7]=0.000031, 1.000000
 [19,8]=0.031730, 18.501538
 [19,9]=0.000410, 1.426545
 [19,10]=0.846805, 63.095386
 [19,11]=0.002964, 2.031250
 [19,12]=0.003957, 8.742148
 [19,13]=0.000111, 1.000000
 [19,14]=0.000055, 1.009020
 [19,15]=0.000009, 1.000000
 [19,16]=0.000020, 1.000000
 [19,17]=0.000022, 1.000000
 [19,18]=0.000062, 1.000000
 [19,19]=1.000000, 1.000000
 [19,20]=0.000086, 1.000000
 [19,21]=0.001220, 2.109451
 [19,22]=0.000042, 1.000000
 [19,23]=0.000009, 1.000000
 [19,24]=0.000034, 1.000000
 [19,25]=0.000007, 1.000000
 [19,26]=0.000007, 1.000000
 [19,27]=0.000003, 1.000000
 [19,28]=0.000269, 3.865349
 [19,29]=0.000007, 1.000000
 [19,30]=0.003412, 10.023932
 [19,31]=0.047293, 26.022387
 [19,32]=0.000155, 1.000000
 [19,33]=0.000014, 1.000000
 [19,34]=0.000005, 1.000000
 [19,35]=0.000189, 1.000000
 [19,36]=0.000032, 1.000000
 [19,37]=0.000421, 1.025718
 [19,38]=0.000122, 1.000000
 [19,39]=0.000076, 1.000000
 [19,40]=0.000030, 1.000000
 [20,0]=0.000084, 1.000000
 [20,1]=0.000075, 1.000000
 [20,2]=0.003120, 4.907529
 [20,3]=0.000044, 1.000000
 [20,4]=0.000060, 1.000000
 [20,5]=0.000637, 2.258948
 [20,6]=0.000024, 1.000000
 [20,7]=0.000042, 1.000000
 [20,8]=0.114021, 45.455152
 [20,9]=0.002242, 4.831968
 [20,10]=0.000055, 1.000000
 [20,11]=0.000030, 1.000000
 [20,12]=0.000032, 1.000000
 [20,13]=0.000011, 1.000000
 [20,14]=0.000029, 1.000000
 [20,15]=0.000011, 1.000000
 [20,16]=0.000018, 1.000000
 [20,17]=0.000012, 1.000000
 [20,18]=0.000013, 1.000000
 [20,19]=0.000060, 1.000000
 [20,20]=1.000000, 1.000000
 [20,21]=0.000017, 1.000000
 [20,22]=0.000006, 1.000000
 [20,23]=0.000008, 1.000000
 [20,24]=0.000011, 1.000000
 [20,25]=0.000029, 1.000000
 [20,26]=0.000013, 1.000000
 [20,27]=0.000004, 1.000000
 [20,28]=0.000004, 1.000000
 [20,29]=0.000020, 1.000000
 [20,30]=0.000008, 1.000000
 [20,31]=0.016698, 20.837755
 [20,32]=0.000020, 1.000000
 [20,33]=0.000084, 1.000000
 [20,34]=0.000007, 1.000000
 [20,35]=0.000016, 1.000000
 [20,36]=0.151391, 53.515271
 [20,37]=0.000028, 1.000000
 [20,38]=0.710824, 66.426950
 [20,39]=0.000186, 1.000000
 [20,40]=0.000006, 1.000000
 [21,0]=0.000046, 1.000000
 [21,1]=0.000007, 1.000000
 [21,2]=0.000015, 1.000000
 [21,3]=0.000006, 1.000000
 [21,4]=0.000011, 1.000000
 [21,5]=0.000016, 1.000000
 [21,6]=0.000006, 1.000000
 [21,7]=0.000014, 1.000000
 [21,8]=0.000086, 1.000000
 [21,9]=0.000065, 1.000000
 [21,10]=0.014682, 10.230871
 [21,11]=0.030558, 12.688731
 [21,12]=0.000084, 1.000000
 [21,13]=0.004770, 8.547234
 [21,14]=0.000029, 1.000000
 [21,15]=0.000005, 1.000000
 [21,16]=0.000011, 1.000000
 [21,17]=0.000015, 1.000000
 [21,18]=0.000054, 1.000000
 [21,19]=0.001454, 2.109451
 [21,20]=0.000030, 1.000000
 [21,21]=1.000000, 1.000000
 [21,22]=0.000064, 1.000000
 [21,23]=0.000005, 1.000000
 [21,24]=0.000027, 1.000000
 [21,25]=0.000003, 1.000000
 [21,26]=0.000003, 1.000000
 [21,27]=0.000002, 1.000000
 [21,28]=0.000085, 1.000788
 [21,29]=0.000003, 1.000000
 [21,30]=0.400522, 82.096327
 [21,31]=0.000548, 3.007255
 [21,32]=0.000322, 1.137055
 [21,33]=0.000006, 1.000000
 [21,34]=0.000002, 1.000000
 [21,35]=0.546068, 78.986605
 [21,36]=0.000013, 1.000000
 [21,37]=0.000265, 1.000000
 [21,38]=0.000039, 1.000000
 [21,39]=0.000028, 1.000000
 [21,40]=0.000034, 1.000000
 [22,0]=0.000051, 1.053017
 [22,1]=0.000005, 1.000000
 [22,2]=0.000010, 1.000000
 [22,3]=0.000007, 1.000000
 [22,4]=0.000012, 1.000000
 [22,5]=0.000012, 1.000000
 [22,6]=0.000010, 1.000000
 [22,7]=0.000022, 1.000000
 [22,8]=0.000024, 1.000000
 [22,9]=0.000034, 1.000000
 [22,10]=0.000030, 1.000000
 [22,11]=0.000118, 1.000000
 [22,12]=0.000161, 1.000000
 [22,13]=0.000869, 1.000000
 [22,14]=0.000090, 1.176390
 [22,15]=0.000012, 1.000000
 [22,16]=0.000028, 1.000000
 [22,17]=0.000065, 1.000000
 [22,18]=0.391597, 88.533100
 [22,19]=0.000050, 1.000000
 [22,20]=0.000010, 1.000000
 [22,21]=0.000063, 1.000000
 [22,22]=1.000000, 1.000000
 [22,23]=0.000018, 1.000000
 [22,24]=0.000196, 1.000000
 [22,25]=0.000003, 1.000000
 [22,26]=0.000005, 1.000000
 [22,27]=0.000007, 1.000000
 [22,28]=0.581021, 99.033485
 [22,29]=0.000004, 1.000000
 [22,30]=0.000167, 1.000000
 [22,31]=0.000016, 1.000000
 [22,32]=0.000015, 1.000000
 [22,33]=0.000003, 1.000000
 [22,34]=0.000006, 1.000000
 [22,35]=0.000025, 1.000000
 [22,36]=0.000006, 1.000000
 [22,37]=0.000194, 1.008423
 [22,38]=0.000017, 1.000000
 [22,39]=0.000022, 1.000000
 [22,40]=0.024996, 8.724516
 [23,0]=0.003118, 12.093150
 [23,1]=0.000045, 1.000000
 [23,2]=0.000039, 1.000000
 [23,3]=0.000085, 1.000000
 [23,4]=0.000122, 1.000000
 [23,5]=0.000056, 1.000000
 [23,6]=0.000265, 1.000000
 [23,7]=0.000247, 1.031022
 [23,8]=0.000019, 1.000000
 [23,9]=0.000036, 1.000000
 [23,10]=0.000008, 1.000000
 [23,11]=0.000016, 1.000000
 [23,12]=0.000075, 1.208683
 [23,13]=0.000018, 1.000000
 [23,14]=0.000177, 1.000000
 [23,15]=0.003240, 1.675447
 [23,16]=0.007731, 4.019038
 [23,17]=0.371953, 88.727159
 [23,18]=0.000062, 1.000000
 [23,19]=0.000013, 1.000000
 [23,20]=0.000017, 1.000000
 [23,21]=0.000006, 1.000000
 [23,22]=0.000022, 1.000000
 [23,23]=1.000000, 1.000000
 [23,24]=0.000126, 1.000000
 [23,25]=0.000036, 1.000000
 [23,26]=0.000206, 1.000000
 [23,27]=0.611484, 89.747765
 [23,28]=0.000009, 1.000000
 [23,29]=0.000072, 1.000000
 [23,30]=0.000007, 1.000000
 [23,31]=0.000008, 1.000000
 [23,32]=0.000002, 1.000000
 [23,33]=0.000023, 1.000000
 [23,34]=0.000476, 1.000000
 [23,35]=0.000003, 1.000000
 [23,36]=0.000023, 1.000000
 [23,37]=0.000024, 1.000000
 [23,38]=0.000026, 1.000000
 [23,39]=0.000062, 1.000000
 [23,40]=0.000046, 1.000000
 [24,0]=0.000433, 2.748060
 [24,1]=0.000012, 1.000000
 [24,2]=0.000017, 1.000000
 [24,3]=0.000016, 1.000000
 [24,4]=0.000030, 1.000000
 [24,5]=0.000024, 1.000000
 [24,6]=0.000029, 1.001267
 [24,7]=0.000068, 1.000000
 [24,8]=0.000023, 1.000000
 [24,9]=0.000044, 1.000000
 [24,10]=0.000015, 1.000000
 [24,11]=0.000047, 1.000000
 [24,12]=0.000250, 1.000000
 [24,13]=0.000086, 1.000000
 [24,14]=0.000344, 1.000000
 [24,15]=0.000040, 1.000000
 [24,16]=0.000122, 1.000000
 [24,17]=0.588097, 97.511441
 [24,18]=0.016264, 6.403418
 [24,19]=0.000027, 1.000000
 [24,20]=0.000013, 1.000000
 [24,21]=0.000018, 1.000000
 [24,22]=0.000133, 1.000000
 [24,23]=0.000068, 1.000000
 [24,24]=1.000000, 1.000000
 [24,25]=0.000007, 1.000000
 [24,26]=0.000016, 1.000000
 [24,27]=0.000022, 1.000000
 [24,28]=0.000037, 1.000000
 [24,29]=0.000010, 1.000000
 [24,30]=0.000025, 1.000000
 [24,31]=0.000011, 1.000000
 [24,32]=0.000006, 1.000000
 [24,33]=0.000007, 1.000000
 [24,34]=0.000019, 1.000000
 [24,35]=0.000008, 1.000000
 [24,36]=0.000010, 1.000000
 [24,37]=0.000089, 1.000000
 [24,38]=0.000022, 1.000000
 [24,39]=0.000041, 1.000000
 [24,40]=0.393449, 90.851395
 [25,0]=0.000378, 6.623338
 [25,1]=0.010982, 7.221046
 [25,2]=0.000107, 1.000000
 [25,3]=0.000435, 1.000533
 [25,4]=0.000133, 1.000000
 [25,5]=0.000099, 1.000000
 [25,6]=0.000112, 1.000000
 [25,7]=0.000052, 1.000000
 [25,8]=0.000015, 1.000000
 [25,9]=0.000020, 1.000000
 [25,10]=0.000004, 1.000000
 [25,11]=0.000004, 1.000000
 [25,12]=0.000009, 1.000000
 [25,13]=0.000002, 1.000000
 [25,14]=0.000016, 1.000000
 [25,15]=0.000039, 1.000000
 [25,16]=0.000027, 1.000000
 [25,17]=0.000011, 1.000000
 [25,18]=0.000005, 1.000000
 [25,19]=0.000005, 1.000000
 [25,20]=0.000031, 1.000000
 [25,21]=0.000002, 1.000000
 [25,22]=0.000002, 1.000000
 [25,23]=0.000018, 1.000000
 [25,24]=0.000006, 1.000000
 [25,25]=1.000000, 1.000000
 [25,26]=0.000846, 3.720662
 [25,27]=0.000017, 1.000000
 [25,28]=0.000001, 1.000000
 [25,29]=0.680515, 93.301328
 [25,30]=0.000001, 1.000000
 [25,31]=0.000008, 1.000000
 [25,32]=0.000002, 1.000000
 [25,33]=0.305871, 87.192162
 [25,34]=0.000040, 1.000000
 [25,35]=0.000001, 1.000000
 [25,36]=0.000098, 1.000000
 [25,37]=0.000005, 1.000000
 [25,38]=0.000032, 1.000000
 [25,39]=0.000046, 1.000000
 [25,40]=0.000002, 1.000000
 [26,0]=0.006161, 28.309768
 [26,1]=0.003785, 9.177895
 [26,2]=0.000065, 1.000000
 [26,3]=0.000377, 1.001267
 [26,4]=0.000244, 1.000000
 [26,5]=0.000088, 1.023494
 [26,6]=0.018415, 6.092633
 [26,7]=0.000173, 1.000000
 [26,8]=0.000015, 1.000000
 [26,9]=0.000026, 1.000000
 [26,10]=0.000005, 1.000000
 [26,11]=0.000007, 1.000000
 [26,12]=0.000019, 1.000000
 [26,13]=0.000005, 1.000000
 [26,14]=0.000050, 1.000000
 [26,15]=0.006567, 5.223598
 [26,16]=0.000151, 1.000000
 [26,17]=0.000049, 1.000000
 [26,18]=0.000014, 1.000000
 [26,19]=0.000007, 1.000000
 [26,20]=0.000021, 1.000000
 [26,21]=0.000003, 1.000000
 [26,22]=0.000005, 1.000000
 [26,23]=0.000149, 1.000000
 [26,24]=0.000022, 1.000000
 [26,25]=0.001224, 3.720662
 [26,26]=1.000000, 1.000000
 [26,27]=0.000176, 1.000000
 [26,28]=0.000002, 1.000000
 [26,29]=0.314716, 60.201166
 [26,30]=0.000002, 1.000000
 [26,31]=0.000007, 1.000000
 [26,32]=0.000001, 1.000000
 [26,33]=0.000064, 1.000000
 [26,34]=0.647241, 85.897716
 [26,35]=0.000001, 1.000000
 [26,36]=0.000042, 1.000000
 [26,37]=0.000009, 1.000000
 [26,38]=0.000028, 1.000000
 [26,39]=0.000059, 1.001761
 [26,40]=0.000009, 1.000000
 [27,0]=0.000509, 10.054433
 [27,1]=0.000018, 1.003263
 [27,2]=0.000012, 1.000000
 [27,3]=0.000035, 1.000000
 [27,4]=0.000037, 1.000000
 [27,5]=0.000017, 1.000000
 [27,6]=0.000093, 1.000000
 [27,7]=0.000049, 1.000000
 [27,8]=0.000005, 1.000000
 [27,9]=0.000009, 1.000000
 [27,10]=0.000002, 1.000000
 [27,11]=0.000003, 1.000000
 [27,12]=0.000011, 1.000000
 [27,13]=0.000004, 1.000000
 [27,14]=0.000030, 1.000000
 [27,15]=0.001191, 2.214331
 [27,16]=0.000100, 1.000000
 [27,17]=0.000055, 1.000000
 [27,18]=0.000015, 1.138181
 [27,19]=0.000003, 1.000000
 [27,20]=0.000005, 1.000000
 [27,21]=0.000001, 1.000000
 [27,22]=0.000005, 1.000000
 [27,23]=0.334828, 89.747765
 [27,24]=0.000022, 1.000000
 [27,25]=0.000019, 1.000000
 [27,26]=0.000133, 1.000000
 [27,27]=1.000000, 1.000000
 [27,28]=0.000002, 1.000000
 [27,29]=0.000041, 1.000000
 [27,30]=0.000001, 1.000000
 [27,31]=0.000002, 1.000000
 [27,32]=0.000000, 1.000000
 [27,33]=0.000010, 1.000000
 [27,34]=0.662691, 95.230721
 [27,35]=0.000000, 1.000000
 [27,36]=0.000008, 1.000000
 [27,37]=0.000005, 1.000000
 [27,38]=0.000007, 1.000000
 [27,39]=0.000016, 1.000000
 [27,40]=0.000010, 1.000000
 [28,0]=0.030541, 87.103044
 [28,1]=0.000004, 1.000000
 [28,2]=0.000008, 1.000000
 [28,3]=0.000005, 1.000000
 [28,4]=0.000009, 1.000000
 [28,5]=0.000010, 1.000000
 [28,6]=0.000007, 1.000000
 [28,7]=0.000016, 1.000000
 [28,8]=0.000027, 1.000000
 [28,9]=0.000032, 1.000000
 [28,10]=0.000048, 1.000000
 [28,11]=0.001170, 3.807127
 [28,12]=0.000105, 1.000000
 [28,13]=0.000979, 1.127526
 [28,14]=0.000045, 1.000000
 [28,15]=0.000008, 1.000000
 [28,16]=0.000019, 1.000000
 [28,17]=0.000038, 1.000000
 [28,18]=0.000190, 1.054628
 [28,19]=0.000528, 3.865349
 [28,20]=0.000011, 1.000000
 [28,21]=0.000141, 1.000788
 [28,22]=0.964441, 99.033485
 [28,23]=0.000011, 1.000000
 [28,24]=0.000090, 1.000000
 [28,25]=0.000002, 1.000000
 [28,26]=0.000003, 1.000000
 [28,27]=0.000004, 1.000000
 [28,28]=1.000000, 1.000000
 [28,29]=0.000002, 1.000000
 [28,30]=0.000916, 1.255321
 [28,31]=0.000022, 1.000000
 [28,32]=0.000031, 1.000000
 [28,33]=0.000003, 1.000000
 [28,34]=0.000004, 1.000000
 [28,35]=0.000057, 1.000000
 [28,36]=0.000006, 1.000000
 [28,37]=0.000189, 1.025568
 [28,38]=0.000017, 1.000000
 [28,39]=0.000019, 1.000000
 [28,40]=0.000245, 1.001693
 [29,0]=0.000327, 5.293532
 [29,1]=0.050820, 30.990537
 [29,2]=0.001266, 6.229027
 [29,3]=0.000858, 1.092203
 [29,4]=0.000316, 1.345216
 [29,5]=0.000092, 1.000000
 [29,6]=0.000378, 1.125859
 [29,7]=0.000086, 1.000000
 [29,8]=0.000013, 1.000000
 [29,9]=0.000021, 1.000000
 [29,10]=0.000004, 1.000000
 [29,11]=0.000004, 1.000000
 [29,12]=0.000011, 1.000000
 [29,13]=0.000003, 1.000000
 [29,14]=0.000024, 1.000000
 [29,15]=0.000094, 1.000000
 [29,16]=0.000050, 1.000000
 [29,17]=0.000018, 1.000000
 [29,18]=0.000007, 1.000000
 [29,19]=0.000005, 1.000000
 [29,20]=0.000023, 1.000000
 [29,21]=0.000002, 1.000000
 [29,22]=0.000002, 1.000000
 [29,23]=0.000038, 1.000000
 [29,24]=0.000009, 1.000000
 [29,25]=0.716128, 93.301328
 [29,26]=0.228966, 60.201166
 [29,27]=0.000039, 1.000000
 [29,28]=0.000001, 1.000000
 [29,29]=1.000000, 1.000000
 [29,30]=0.000001, 1.000000
 [29,31]=0.000007, 1.000000
 [29,32]=0.000001, 1.000000
 [29,33]=0.000131, 1.000000
 [29,34]=0.000106, 1.000000
 [29,35]=0.000001, 1.000000
 [29,36]=0.000059, 1.000000
 [29,37]=0.000006, 1.000000
 [29,38]=0.000027, 1.000000
 [29,39]=0.000049, 1.000000
 [29,40]=0.000004, 1.000000
 [30,0]=0.000038, 1.000000
 [30,1]=0.000005, 1.000000
 [30,2]=0.000010, 1.000000
 [30,3]=0.000005, 1.000000
 [30,4]=0.000009, 1.000000
 [30,5]=0.000012, 1.000000
 [30,6]=0.000005, 1.000000
 [30,7]=0.000013, 1.000000
 [30,8]=0.000043, 1.000000
 [30,9]=0.000042, 1.000000
 [30,10]=0.001039, 4.426435
 [30,11]=0.000786, 1.662095
 [30,12]=0.000095, 1.000000
 [30,13]=0.514518, 85.849529
 [30,14]=0.000033, 1.000000
 [30,15]=0.000005, 1.000000
 [30,16]=0.000012, 1.000000
 [30,17]=0.000021, 1.000000
 [30,18]=0.000093, 1.000000
 [30,19]=0.004760, 10.023932
 [30,20]=0.000016, 1.000000
 [30,21]=0.468954, 82.096327
 [30,22]=0.000197, 1.000000
 [30,23]=0.000006, 1.000000
 [30,24]=0.000044, 1.000000
 [30,25]=0.000002, 1.000000
 [30,26]=0.000003, 1.000000
 [30,27]=0.000002, 1.000000
 [30,28]=0.000651, 1.255321
 [30,29]=0.000002, 1.000000
 [30,30]=1.000000, 1.000000
 [30,31]=0.000041, 1.000000
 [30,32]=0.000078, 1.000000
 [30,33]=0.000003, 1.000000
 [30,34]=0.000002, 1.000000
 [30,35]=0.008060, 13.197020
 [30,36]=0.000008, 1.000000
 [30,37]=0.000267, 1.000000
 [30,38]=0.000023, 1.000000
 [30,39]=0.000021, 1.000000
 [30,40]=0.000076, 1.000000
 [31,0]=0.005001, 11.789962
 [31,1]=0.000314, 3.886739
 [31,2]=0.000104, 1.000000
 [31,3]=0.000029, 1.000000
 [31,4]=0.000043, 1.000000
 [31,5]=0.000092, 1.000000
 [31,6]=0.000020, 1.000000
 [31,7]=0.000042, 1.000000
 [31,8]=0.047389, 11.313357
 [31,9]=0.000319, 1.000000
 [31,10]=0.769633, 81.861873
 [31,11]=0.002327, 5.402361
 [31,12]=0.000085, 1.000000
 [31,13]=0.000048, 1.000000
 [31,14]=0.000048, 1.000000
 [31,15]=0.000012, 1.000000
 [31,16]=0.000023, 1.000000
 [31,17]=0.000019, 1.000000
 [31,18]=0.000037, 1.000000
 [31,19]=0.080245, 26.022387
 [31,20]=0.040979, 20.837755
 [31,21]=0.000780, 3.007255
 [31,22]=0.000023, 1.000000
 [31,23]=0.000009, 1.000000
 [31,24]=0.000024, 1.000000
 [31,25]=0.000019, 1.000000
 [31,26]=0.000011, 1.000000
 [31,27]=0.000004, 1.000000
 [31,28]=0.000019, 1.000000
 [31,29]=0.000015, 1.000000
 [31,30]=0.000050, 1.000000
 [31,31]=1.000000, 1.000000
 [31,32]=0.051257, 34.420180
 [31,33]=0.000043, 1.003903
 [31,34]=0.000007, 1.000000
 [31,35]=0.000168, 1.000000
 [31,36]=0.000110, 1.000000
 [31,37]=0.000125, 1.000000
 [31,38]=0.000378, 1.000000
 [31,39]=0.000132, 1.000000
 [31,40]=0.000018, 1.000000
 [32,0]=0.000029, 1.737547
 [32,1]=0.000003, 1.000000
 [32,2]=0.000007, 1.000000
 [32,3]=0.000002, 1.000000
 [32,4]=0.000004, 1.000000
 [32,5]=0.000007, 1.000000
 [32,6]=0.000002, 1.000000
 [32,7]=0.000004, 1.000000
 [32,8]=0.001464, 10.745000
 [32,9]=0.000023, 1.000000
 [32,10]=0.047810, 32.162504
 [32,11]=0.000058, 1.009020
 [32,12]=0.000015, 1.000000
 [32,13]=0.000019, 1.000000
 [32,14]=0.000007, 1.000000
 [32,15]=0.000001, 1.000000
 [32,16]=0.000003, 1.000000
 [32,17]=0.000003, 1.000000
 [32,18]=0.000009, 1.000000
 [32,19]=0.000104, 1.000000
 [32,20]=0.000020, 1.000000
 [32,21]=0.000181, 1.137055
 [32,22]=0.000008, 1.000000
 [32,23]=0.000001, 1.000000
 [32,24]=0.000005, 1.000000
 [32,25]=0.000001, 1.000000
 [32,26]=0.000001, 1.000000
 [32,27]=0.000000, 1.000000
 [32,28]=0.000011, 1.000000
 [32,29]=0.000001, 1.000000
 [32,30]=0.000038, 1.000000
 [32,31]=0.020177, 34.420180
 [32,32]=1.000000, 1.000000
 [32,33]=0.000003, 1.000000
 [32,34]=0.000001, 1.000000
 [32,35]=0.929029, 99.552897
 [32,36]=0.000130, 6.661007
 [32,37]=0.000031, 1.000000
 [32,38]=0.000771, 11.688599
 [32,39]=0.000011, 1.000000
 [32,40]=0.000005, 1.000000
 [33,0]=0.000302, 4.111715
 [33,1]=0.447728, 55.000013
 [33,2]=0.001538, 2.608888
 [33,3]=0.000246, 1.000000
 [33,4]=0.000141, 1.007610
 [33,5]=0.000225, 1.000000
 [33,6]=0.000068, 1.000000
 [33,7]=0.000055, 1.000000
 [33,8]=0.000036, 1.000000
 [33,9]=0.000042, 1.000000
 [33,10]=0.000010, 1.000000
 [33,11]=0.000008, 1.000000
 [33,12]=0.000013, 1.000000
 [33,13]=0.000004, 1.000000
 [33,14]=0.000020, 1.000000
 [33,15]=0.000025, 1.000000
 [33,16]=0.000024, 1.000000
 [33,17]=0.000011, 1.000000
 [33,18]=0.000007, 1.000000
 [33,19]=0.000012, 1.000000
 [33,20]=0.000102, 1.000000
 [33,21]=0.000004, 1.000000
 [33,22]=0.000002, 1.000000
 [33,23]=0.000013, 1.000000
 [33,24]=0.000007, 1.000000
 [33,25]=0.347915, 87.192162
 [33,26]=0.000050, 1.000000
 [33,27]=0.000010, 1.000000
 [33,28]=0.000001, 1.000000
 [33,29]=0.000142, 1.000000
 [33,30]=0.000002, 1.000000
 [33,31]=0.000021, 1.003903
 [33,32]=0.000004, 1.000000
 [33,33]=1.000000, 1.000000
 [33,34]=0.000021, 1.000000
 [33,35]=0.000003, 1.000000
 [33,36]=0.201000, 48.583403
 [33,37]=0.000009, 1.000000
 [33,38]=0.000086, 1.000000
 [33,39]=0.000089, 1.000000
 [33,40]=0.000003, 1.000000
 [34,0]=0.000278, 5.954466
 [34,1]=0.000165, 2.936038
 [34,2]=0.000020, 1.000000
 [34,3]=0.000071, 1.000000
 [34,4]=0.000065, 1.000000
 [34,5]=0.000038, 1.258454
 [34,6]=0.000229, 1.014243
 [34,7]=0.000071, 1.000000
 [34,8]=0.000006, 1.000000
 [34,9]=0.000011, 1.000000
 [34,10]=0.000002, 1.000000
 [34,11]=0.000003, 1.000000
 [34,12]=0.000011, 1.000000
 [34,13]=0.000003, 1.000000
 [34,14]=0.000039, 1.184115
 [34,15]=0.006579, 4.293550
 [34,16]=0.000109, 1.000000
 [34,17]=0.000041, 1.000000
 [34,18]=0.000010, 1.001693
 [34,19]=0.000003, 1.000000
 [34,20]=0.000007, 1.000000
 [34,21]=0.000001, 1.000000
 [34,22]=0.000004, 1.000000
 [34,23]=0.000224, 1.000000
 [34,24]=0.000017, 1.000000
 [34,25]=0.000037, 1.000000
 [34,26]=0.421811, 85.897716
 [34,27]=0.569931, 95.230721
 [34,28]=0.000001, 1.000000
 [34,29]=0.000095, 1.000000
 [34,30]=0.000001, 1.000000
 [34,31]=0.000003, 1.000000
 [34,32]=0.000001, 1.000000
 [34,33]=0.000017, 1.000000
 [34,34]=1.000000, 1.000000
 [34,35]=0.000001, 1.000000
 [34,36]=0.000052, 2.547986
 [34,37]=0.000005, 1.000000
 [34,38]=0.000010, 1.000000
 [34,39]=0.000022, 1.000000
 [34,40]=0.000007, 1.000000
 [35,0]=0.000011, 1.000000
 [35,1]=0.000002, 1.000000
 [35,2]=0.000005, 1.000000
 [35,3]=0.000002, 1.000000
 [35,4]=0.000003, 1.000000
 [35,5]=0.000005, 1.000000
 [35,6]=0.000002, 1.000000
 [35,7]=0.000004, 1.000000
 [35,8]=0.000029, 1.000000
 [35,9]=0.000325, 6.809708
 [35,10]=0.000196, 1.002723
 [35,11]=0.000075, 1.008213
 [35,12]=0.000016, 1.000000
 [35,13]=0.000027, 1.000000
 [35,14]=0.000007, 1.000000
 [35,15]=0.000001, 1.000000
 [35,16]=0.000003, 1.000000
 [35,17]=0.000003, 1.000000
 [35,18]=0.000010, 1.000000
 [35,19]=0.000102, 1.000000
 [35,20]=0.000012, 1.000000
 [35,21]=0.246818, 78.986605
 [35,22]=0.000011, 1.000000
 [35,23]=0.000001, 1.000000
 [35,24]=0.000005, 1.000000
 [35,25]=0.000001, 1.000000
 [35,26]=0.000001, 1.000000
 [35,27]=0.000000, 1.000000
 [35,28]=0.000016, 1.000000
 [35,29]=0.000001, 1.000000
 [35,30]=0.003111, 13.197020
 [35,31]=0.000053, 1.000000
 [35,32]=0.749068, 99.552897
 [35,33]=0.000002, 1.000000
 [35,34]=0.000000, 1.000000
 [35,35]=1.000000, 1.000000
 [35,36]=0.000005, 1.000000
 [35,37]=0.000038, 1.000000
 [35,38]=0.000013, 1.000000
 [35,39]=0.000008, 1.000000
 [35,40]=0.000006, 1.000000
 [36,0]=0.000635, 4.237752
 [36,1]=0.013115, 10.209722
 [36,2]=0.559715, 49.283367
 [36,3]=0.000147, 1.000000
 [36,4]=0.000150, 1.000533
 [36,5]=0.000532, 1.000000
 [36,6]=0.000056, 1.000000
 [36,7]=0.000071, 1.000000
 [36,8]=0.000103, 1.000000
 [36,9]=0.000109, 1.000000
 [36,10]=0.000024, 1.000000
 [36,11]=0.000017, 1.000000
 [36,12]=0.000024, 1.000000
 [36,13]=0.000007, 1.000000
 [36,14]=0.000032, 1.000000
 [36,15]=0.000022, 1.000000
 [36,16]=0.000028, 1.000000
 [36,17]=0.000014, 1.000000
 [36,18]=0.000011, 1.000000
 [36,19]=0.000027, 1.000000
 [36,20]=0.186026, 53.515271
 [36,21]=0.000009, 1.000000
 [36,22]=0.000005, 1.000000
 [36,23]=0.000013, 1.000000
 [36,24]=0.000011, 1.000000
 [36,25]=0.000113, 1.000000
 [36,26]=0.000033, 1.000000
 [36,27]=0.000008, 1.000000
 [36,28]=0.000002, 1.000000
 [36,29]=0.000065, 1.000000
 [36,30]=0.000005, 1.000000
 [36,31]=0.000055, 1.000000
 [36,32]=0.000165, 6.661007
 [36,33]=0.203001, 48.583403
 [36,34]=0.000063, 2.547986
 [36,35]=0.000008, 1.000000
 [36,36]=1.000000, 1.000000
 [36,37]=0.000018, 1.000000
 [36,38]=0.035307, 22.566338
 [36,39]=0.000248, 1.105824
 [36,40]=0.000005, 1.000000
 [37,0]=0.004064, 13.224002
 [37,1]=0.000007, 1.000000
 [37,2]=0.000014, 1.000000
 [37,3]=0.000007, 1.000000
 [37,4]=0.000013, 1.000000
 [37,5]=0.000017, 1.000000
 [37,6]=0.000008, 1.000000
 [37,7]=0.000021, 1.000000
 [37,8]=0.000062, 1.014243
 [37,9]=0.000669, 4.020940
 [37,10]=0.000074, 1.000000
 [37,11]=0.934965, 91.286181
 [37,12]=0.026419, 17.015369
 [37,13]=0.011193, 11.646731
 [37,14]=0.000061, 1.008423
 [37,15]=0.000007, 1.000000
 [37,16]=0.000017, 1.000000
 [37,17]=0.000026, 1.000000
 [37,18]=0.000236, 1.437436
 [37,19]=0.000202, 1.025718
 [37,20]=0.000019, 1.000000
 [37,21]=0.000106, 1.000000
 [37,22]=0.000078, 1.008423
 [37,23]=0.000008, 1.000000
 [37,24]=0.000053, 1.000000
 [37,25]=0.000003, 1.000000
 [37,26]=0.000004, 1.000000
 [37,27]=0.000003, 1.000000
 [37,28]=0.000046, 1.025568
 [37,29]=0.000004, 1.000000
 [37,30]=0.000092, 1.000000
 [37,31]=0.000035, 1.000000
 [37,32]=0.000023, 1.000000
 [37,33]=0.000005, 1.000000
 [37,34]=0.000003, 1.000000
 [37,35]=0.000034, 1.000000
 [37,36]=0.000010, 1.000000
 [37,37]=1.000000, 1.000000
 [37,38]=0.000032, 1.001257
 [37,39]=0.000034, 1.000000
 [37,40]=0.021325, 55.498048
 [38,0]=0.017359, 18.379880
 [38,1]=0.000089, 1.000000
 [38,2]=0.006026, 6.021687
 [38,3]=0.000061, 1.000000
 [38,4]=0.000101, 1.000000
 [38,5]=0.012921, 11.003847
 [38,6]=0.000038, 1.000000
 [38,7]=0.000082, 1.000000
 [38,8]=0.083741, 22.787105
 [38,9]=0.033369, 12.347274
 [38,10]=0.000069, 1.000000
 [38,11]=0.001163, 8.175091
 [38,12]=0.000064, 1.000000
 [38,13]=0.000018, 1.000000
 [38,14]=0.000060, 1.000000
 [38,15]=0.000019, 1.000000
 [38,16]=0.000033, 1.000000
 [38,17]=0.000021, 1.000000
 [38,18]=0.000025, 1.000000
 [38,19]=0.000091, 1.000000
 [38,20]=0.768304, 66.426950
 [38,21]=0.000024, 1.000000
 [38,22]=0.000010, 1.000000
 [38,23]=0.000013, 1.000000
 [38,24]=0.000020, 1.000000
 [38,25]=0.000032, 1.000000
 [38,26]=0.000019, 1.000000
 [38,27]=0.000007, 1.000000
 [38,28]=0.000006, 1.000000
 [38,29]=0.000026, 1.000000
 [38,30]=0.000012, 1.000000
 [38,31]=0.000166, 1.000000
 [38,32]=0.000863, 11.688599
 [38,33]=0.000076, 1.000000
 [38,34]=0.000011, 1.000000
 [38,35]=0.000019, 1.000000
 [38,36]=0.031057, 22.566338
 [38,37]=0.000050, 1.001257
 [38,38]=1.000000, 1.000000
 [38,39]=0.043923, 17.919659
 [38,40]=0.000011, 1.000000
 [39,0]=0.485942, 92.876380
 [39,1]=0.001387, 5.663759
 [39,2]=0.000455, 1.114768
 [39,3]=0.000154, 1.361396
 [39,4]=0.000259, 1.009020
 [39,5]=0.470103, 68.547581
 [39,6]=0.000072, 1.000000
 [39,7]=0.000334, 1.231630
 [39,8]=0.000448, 2.110672
 [39,9]=0.007081, 6.074459
 [39,10]=0.000027, 1.000000
 [39,11]=0.000032, 1.000000
 [39,12]=0.000076, 1.000000
 [39,13]=0.000015, 1.000000
 [39,14]=0.000120, 1.011725
 [39,15]=0.000034, 1.000000
 [39,16]=0.000068, 1.000000
 [39,17]=0.000036, 1.000000
 [39,18]=0.000029, 1.000000
 [39,19]=0.000042, 1.000000
 [39,20]=0.000149, 1.000000
 [39,21]=0.000013, 1.000000
 [39,22]=0.000010, 1.000000
 [39,23]=0.000023, 1.000000
 [39,24]=0.000029, 1.000000
 [39,25]=0.000035, 1.000000
 [39,26]=0.000031, 1.001761
 [39,27]=0.000011, 1.000000
 [39,28]=0.000005, 1.000000
 [39,29]=0.000035, 1.000000
 [39,30]=0.000008, 1.000000
 [39,31]=0.000043, 1.000000
 [39,32]=0.000009, 1.000000
 [39,33]=0.000059, 1.000000
 [39,34]=0.000018, 1.000000
 [39,35]=0.000008, 1.000000
 [39,36]=0.000162, 1.105824
 [39,37]=0.000040, 1.000000
 [39,38]=0.032587, 17.919659
 [39,39]=1.000000, 1.000000
 [39,40]=0.000013, 1.000000
 [40,0]=0.010831, 25.279307
 [40,1]=0.000011, 1.000000
 [40,2]=0.000017, 1.000000
 [40,3]=0.000014, 1.000000
 [40,4]=0.000026, 1.000000
 [40,5]=0.000023, 1.000000
 [40,6]=0.000023, 1.000000
 [40,7]=0.000051, 1.000000
 [40,8]=0.000031, 1.000000
 [40,9]=0.000051, 1.000000
 [40,10]=0.000029, 1.000000
 [40,11]=0.000103, 1.000000
 [40,12]=0.000491, 1.498605
 [40,13]=0.007364, 7.554379
 [40,14]=0.000175, 1.000000
 [40,15]=0.000032, 1.000000
 [40,16]=0.000077, 1.000000
 [40,17]=0.000227, 1.001267
 [40,18]=0.033741, 8.209838
 [40,19]=0.000050, 1.000000
 [40,20]=0.000015, 1.000000
 [40,21]=0.000048, 1.000000
 [40,22]=0.035818, 8.724516
 [40,23]=0.000053, 1.000000
 [40,24]=0.834745, 90.851395
 [40,25]=0.000006, 1.000000
 [40,26]=0.000014, 1.000000
 [40,27]=0.000020, 1.000000
 [40,28]=0.000211, 1.001693
 [40,29]=0.000008, 1.000000
 [40,30]=0.000092, 1.000000
 [40,31]=0.000018, 1.000000
 [40,32]=0.000013, 1.000000
 [40,33]=0.000006, 1.000000
 [40,34]=0.000017, 1.000000
 [40,35]=0.000020, 1.000000
 [40,36]=0.000011, 1.000000
 [40,37]=0.075455, 55.498048
 [40,38]=0.000025, 1.000000
 [40,39]=0.000039, 1.000000
 [40,40]=1.000000, 1.000000